  2.5000000E-02     89.38212    
  7.5000003E-02     2.100073    
  0.1250000        0.4940616    
  0.1750000        9.9931538E-02
  0.2250000        2.7412280E-02
  0.2750000        1.6679430E-03
  0.3250000        0.0000000E+00
  0.3750000        0.0000000E+00
  0.4250000        0.0000000E+00
  0.4750000         3.884712    
  0.5250000         4.010025    
  0.5750000        0.0000000E+00
  0.6250000        0.0000000E+00
  0.6750000        0.0000000E+00
  0.7250000        0.0000000E+00
  0.7750000        0.0000000E+00
  0.8250000        0.0000000E+00
  0.8750000        0.0000000E+00
  0.9250000        0.0000000E+00
  0.9750000        0.0000000E+00
